gr= 0.10000000000000000555 ,gcr= 0.10000000000000000555 ,Jr= 0.97999999999999998224 ,Jcr= 0 ,Energy= -313.85116291978056324
gr= 0.10000000000000000555 ,gcr= 0.10000000000000000555 ,Jr= 0.97999999999999998224 ,Jcr= 0 ,AParticleNo= 3.8542538725367627706
gr= 0.10000000000000000555 ,gcr= 0.10000000000000000555 ,Jr= 0.97999999999999998224 ,Jcr= 0 ,AParticleNo= 0.090516661758381578018
