gr= 0.10000000000000000555 ,gcr= 0.10000000000000000555 ,Jr= 0.9000000000000000222 ,Jcr= 0 ,Energy= -257.98024774451698704
gr= 0.10000000000000000555 ,gcr= 0.10000000000000000555 ,Jr= 0.9000000000000000222 ,Jcr= 0 ,AParticleNo= 3.7793425518239764926
gr= 0.10000000000000000555 ,gcr= 0.10000000000000000555 ,Jr= 0.9000000000000000222 ,Jcr= 0 ,AParticleNo= 0.090324698670433828385
