gr= 0.10000000000000000555 ,gcr= 0.10000000000000000555 ,Jr= 0.44000000000000000222 ,Jcr= 0 ,Energy= -0.56890406035646001737
gr= 0.10000000000000000555 ,gcr= 0.10000000000000000555 ,Jr= 0.44000000000000000222 ,Jcr= 0 ,AParticleNo= 0.0045113413152341273055
gr= 0.10000000000000000555 ,gcr= 0.10000000000000000555 ,Jr= 0.44000000000000000222 ,Jcr= 0 ,AParticleNo= 0.003668111250800545637
