gr= 0.10000000000000000555 ,gcr= 0.10000000000000000555 ,Jr= 1.0700000000000000622 ,Jcr= 0 ,Energy= -377.34868648258753865
gr= 0.10000000000000000555 ,gcr= 0.10000000000000000555 ,Jr= 1.0700000000000000622 ,Jcr= 0 ,AParticleNo= 3.9198667587857052297
gr= 0.10000000000000000555 ,gcr= 0.10000000000000000555 ,Jr= 1.0700000000000000622 ,Jcr= 0 ,AParticleNo= 0.090564435815729676937
