gr= 0.10000000000000000555 ,gcr= 0.10000000000000000555 ,Jr= 1.1499999999999999112 ,Jcr= 0 ,Energy= -434.20923178500953554
gr= 0.10000000000000000555 ,gcr= 0.10000000000000000555 ,Jr= 1.1499999999999999112 ,Jcr= 0 ,AParticleNo= 3.9665851490943055957
gr= 0.10000000000000000555 ,gcr= 0.10000000000000000555 ,Jr= 1.1499999999999999112 ,Jcr= 0 ,AParticleNo= 0.090532630112971079761
