gr= 0.10000000000000000555 ,gcr= 0.10000000000000000555 ,Jr= 0.6500000000000000222 ,Jcr= 0 ,Energy= -90.355963350147817437
gr= 0.10000000000000000555 ,gcr= 0.10000000000000000555 ,Jr= 0.6500000000000000222 ,Jcr= 0 ,AParticleNo= 3.3092680791786417416
gr= 0.10000000000000000555 ,gcr= 0.10000000000000000555 ,Jr= 0.6500000000000000222 ,Jcr= 0 ,AParticleNo= 0.086696257487429193023
