gr= 0.10000000000000000555 ,gcr= 0.10000000000000000555 ,Jr= 0.040000000000000000833 ,Jcr= 0 ,Energy= -0.5016761340884769993
gr= 0.10000000000000000555 ,gcr= 0.10000000000000000555 ,Jr= 0.040000000000000000833 ,Jcr= 0 ,AParticleNo= 0.0025382242770947702551
gr= 0.10000000000000000555 ,gcr= 0.10000000000000000555 ,Jr= 0.040000000000000000833 ,Jcr= 0 ,AParticleNo= 0.00251259325326322943
