gr= 0.10000000000000000555 ,gcr= 0.10000000000000000555 ,Jr= 0.40999999999999997558 ,Jcr= 0 ,Energy= -0.55621328659296576102
gr= 0.10000000000000000555 ,gcr= 0.10000000000000000555 ,Jr= 0.40999999999999997558 ,Jcr= 0 ,AParticleNo= 0.0037995641825171390556
gr= 0.10000000000000000555 ,gcr= 0.10000000000000000555 ,Jr= 0.40999999999999997558 ,Jcr= 0 ,AParticleNo= 0.0034245951075312142976
