gr= 0.10000000000000000555 ,gcr= 0.10000000000000000555 ,Jr= 0.92000000000000003997 ,Jcr= 0 ,Energy= -271.88675728397720377
gr= 0.10000000000000000555 ,gcr= 0.10000000000000000555 ,Jr= 0.92000000000000003997 ,Jcr= 0 ,AParticleNo= 3.7998981664614737142
gr= 0.10000000000000000555 ,gcr= 0.10000000000000000555 ,Jr= 0.92000000000000003997 ,Jcr= 0 ,AParticleNo= 0.090390947030426244124
