gr= 0.10000000000000000555 ,gcr= 0.10000000000000000555 ,Jr= 0.64000000000000001332 ,Jcr= 0 ,Energy= -84.065085784526104362
gr= 0.10000000000000000555 ,gcr= 0.10000000000000000555 ,Jr= 0.64000000000000001332 ,Jcr= 0 ,AParticleNo= 3.2740301077452107492
gr= 0.10000000000000000555 ,gcr= 0.10000000000000000555 ,Jr= 0.64000000000000001332 ,Jcr= 0 ,AParticleNo= 0.086291174098803352654
