gr= 0.10000000000000000555 ,gcr= 0.10000000000000000555 ,Jr= 0.32000000000000000666 ,Jcr= 0 ,Energy= -0.53141029980256249132
gr= 0.10000000000000000555 ,gcr= 0.10000000000000000555 ,Jr= 0.32000000000000000666 ,Jcr= 0 ,AParticleNo= 0.0030847601564054230941
gr= 0.10000000000000000555 ,gcr= 0.10000000000000000555 ,Jr= 0.32000000000000000666 ,Jcr= 0 ,AParticleNo= 0.0029861451904666753629
