gr= 0.10000000000000000555 ,gcr= 0.10000000000000000555 ,Jr= 0.4500000000000000111 ,Jcr= 0 ,Energy= -0.57439837946805705204
gr= 0.10000000000000000555 ,gcr= 0.10000000000000000555 ,Jr= 0.4500000000000000111 ,Jcr= 0 ,AParticleNo= 0.0050121213627706811405
gr= 0.10000000000000000555 ,gcr= 0.10000000000000000555 ,Jr= 0.4500000000000000111 ,Jcr= 0 ,AParticleNo= 0.0037797063068686909126
