gr= 0.10000000000000000555 ,gcr= 0.10000000000000000555 ,Jr= 0.089999999999999996669 ,Jcr= 0 ,Energy= -0.50340770781646071441
gr= 0.10000000000000000555 ,gcr= 0.10000000000000000555 ,Jr= 0.089999999999999996669 ,Jcr= 0 ,AParticleNo= 0.0025663071099245753949
gr= 0.10000000000000000555 ,gcr= 0.10000000000000000555 ,Jr= 0.089999999999999996669 ,Jcr= 0 ,AParticleNo= 0.0025387028185042438688
