gr= 0.10000000000000000555 ,gcr= 0.10000000000000000555 ,Jr= 0.63000000000000000444 ,Jcr= 0 ,Energy= -77.830382833011498178
gr= 0.10000000000000000555 ,gcr= 0.10000000000000000555 ,Jr= 0.63000000000000000444 ,Jcr= 0 ,AParticleNo= 3.2361738404527162771
gr= 0.10000000000000000555 ,gcr= 0.10000000000000000555 ,Jr= 0.63000000000000000444 ,Jcr= 0 ,AParticleNo= 0.085839247478774416411
