gr= 0.10000000000000000555 ,gcr= 0.10000000000000000555 ,Jr= 0.19000000000000000222 ,Jcr= 0 ,Energy= -0.51112169719374023202
gr= 0.10000000000000000555 ,gcr= 0.10000000000000000555 ,Jr= 0.19000000000000000222 ,Jcr= 0 ,AParticleNo= 0.0026958082205935963993
gr= 0.10000000000000000555 ,gcr= 0.10000000000000000555 ,Jr= 0.19000000000000000222 ,Jcr= 0 ,AParticleNo= 0.0026571935484796861161
