gr= 0.10000000000000000555 ,gcr= 0.10000000000000000555 ,Jr= 1.1100000000000000977 ,Jcr= 0 ,Energy= -405.7369224147473119
gr= 0.10000000000000000555 ,gcr= 0.10000000000000000555 ,Jr= 1.1100000000000000977 ,Jcr= 0 ,AParticleNo= 3.9443769176034217949
gr= 0.10000000000000000555 ,gcr= 0.10000000000000000555 ,Jr= 1.1100000000000000977 ,Jcr= 0 ,AParticleNo= 0.090557863531615101493
