gr= 0.10000000000000000555 ,gcr= 0.10000000000000000555 ,Jr= 1.0900000000000000799 ,Jcr= 0 ,Energy= -391.53171589493092597
gr= 0.10000000000000000555 ,gcr= 0.10000000000000000555 ,Jr= 1.0900000000000000799 ,Jcr= 0 ,AParticleNo= 3.9324170171690013831
gr= 0.10000000000000000555 ,gcr= 0.10000000000000000555 ,Jr= 1.0900000000000000799 ,Jcr= 0 ,AParticleNo= 0.090557915794911791885
