gr= 0.10000000000000000555 ,gcr= 0.10000000000000000555 ,Jr= 0.79000000000000003553 ,Jcr= 0 ,Energy= -182.47103693810217351
gr= 0.10000000000000000555 ,gcr= 0.10000000000000000555 ,Jr= 0.79000000000000003553 ,Jcr= 0 ,AParticleNo= 3.6354391928199492057
gr= 0.10000000000000000555 ,gcr= 0.10000000000000000555 ,Jr= 0.79000000000000003553 ,Jcr= 0 ,AParticleNo= 0.08961353320127976585
