gr= 0.10000000000000000555 ,gcr= 0.10000000000000000555 ,Jr= 0.41999999999999998446 ,Jcr= 0 ,Energy= -0.56001067849753227712
gr= 0.10000000000000000555 ,gcr= 0.10000000000000000555 ,Jr= 0.41999999999999998446 ,Jcr= 0 ,AParticleNo= 0.0039688049641832820816
gr= 0.10000000000000000555 ,gcr= 0.10000000000000000555 ,Jr= 0.41999999999999998446 ,Jcr= 0 ,AParticleNo= 0.0034957830447305371195
