gr= 0.10000000000000000555 ,gcr= 0.10000000000000000555 ,Jr= 0.16000000000000000333 ,Jcr= 0 ,Energy= -0.50817848770597273678
gr= 0.10000000000000000555 ,gcr= 0.10000000000000000555 ,Jr= 0.16000000000000000333 ,Jcr= 0 ,AParticleNo= 0.0026455003068301483765
gr= 0.10000000000000000555 ,gcr= 0.10000000000000000555 ,Jr= 0.16000000000000000333 ,Jcr= 0 ,AParticleNo= 0.0026115635553484103926
