gr= 0.10000000000000000555 ,gcr= 0.10000000000000000555 ,Jr= 0.85999999999999998668 ,Jcr= 0 ,Energy= -230.31282764243664474
gr= 0.10000000000000000555 ,gcr= 0.10000000000000000555 ,Jr= 0.85999999999999998668 ,Jcr= 0 ,AParticleNo= 3.7337416442740236633
gr= 0.10000000000000000555 ,gcr= 0.10000000000000000555 ,Jr= 0.85999999999999998668 ,Jcr= 0 ,AParticleNo= 0.090145286515151273887
