gr= 0.10000000000000000555 ,gcr= 0.10000000000000000555 ,Jr= 0.11999999999999999556 ,Jcr= 0 ,Energy= -0.50510652143578493867
gr= 0.10000000000000000555 ,gcr= 0.10000000000000000555 ,Jr= 0.11999999999999999556 ,Jcr= 0 ,AParticleNo= 0.0025941914406862952129
gr= 0.10000000000000000555 ,gcr= 0.10000000000000000555 ,Jr= 0.11999999999999999556 ,Jcr= 0 ,AParticleNo= 0.0025644917801280896381
