gr= 0.10000000000000000555 ,gcr= 0.10000000000000000555 ,Jr= 0.82999999999999996003 ,Jcr= 0 ,Energy= -209.70879416505090376
gr= 0.10000000000000000555 ,gcr= 0.10000000000000000555 ,Jr= 0.82999999999999996003 ,Jcr= 0 ,AParticleNo= 3.6949047051658983065
gr= 0.10000000000000000555 ,gcr= 0.10000000000000000555 ,Jr= 0.82999999999999996003 ,Jcr= 0 ,AParticleNo= 0.089958084584319364385
