gr= 0.10000000000000000555 ,gcr= 0.10000000000000000555 ,Jr= 0.68000000000000004885 ,Jcr= 0 ,Energy= -109.52250460971629309
gr= 0.10000000000000000555 ,gcr= 0.10000000000000000555 ,Jr= 0.68000000000000004885 ,Jcr= 0 ,AParticleNo= 3.4019552067520297811
gr= 0.10000000000000000555 ,gcr= 0.10000000000000000555 ,Jr= 0.68000000000000004885 ,Jcr= 0 ,AParticleNo= 0.087683137298586608099
