gr= 0.10000000000000000555 ,gcr= 0.10000000000000000555 ,Jr= 0.80000000000000004441 ,Jcr= 0 ,Energy= -189.25269934390573212
gr= 0.10000000000000000555 ,gcr= 0.10000000000000000555 ,Jr= 0.80000000000000004441 ,Jcr= 0 ,AParticleNo= 3.6512361978447502864
gr= 0.10000000000000000555 ,gcr= 0.10000000000000000555 ,Jr= 0.80000000000000004441 ,Jcr= 0 ,AParticleNo= 0.089711389806867297692
