gr= 0.10000000000000000555 ,gcr= 0.10000000000000000555 ,Jr= 1.0500000000000000444 ,Jcr= 0 ,Energy= -363.19009953404111002
gr= 0.10000000000000000555 ,gcr= 0.10000000000000000555 ,Jr= 1.0500000000000000444 ,Jcr= 0 ,AParticleNo= 3.9066438228001860722
gr= 0.10000000000000000555 ,gcr= 0.10000000000000000555 ,Jr= 1.0500000000000000444 ,Jcr= 0 ,AParticleNo= 0.090562819209177303215
