gr= 0.10000000000000000555 ,gcr= 0.10000000000000000555 ,Jr= 0.60999999999999998668 ,Jcr= 0 ,Energy= -65.551165430547285951
gr= 0.10000000000000000555 ,gcr= 0.10000000000000000555 ,Jr= 0.60999999999999998668 ,Jcr= 0 ,AParticleNo= 3.1511363531102301039
gr= 0.10000000000000000555 ,gcr= 0.10000000000000000555 ,Jr= 0.60999999999999998668 ,Jcr= 0 ,AParticleNo= 0.084762891463573963868
