gr= 0.10000000000000000555 ,gcr= 0.10000000000000000555 ,Jr= 0.5999999999999999778 ,Jcr= 0 ,Energy= -59.519546815656745764
gr= 0.10000000000000000555 ,gcr= 0.10000000000000000555 ,Jr= 0.5999999999999999778 ,Jcr= 0 ,AParticleNo= 3.1030088898974641509
gr= 0.10000000000000000555 ,gcr= 0.10000000000000000555 ,Jr= 0.5999999999999999778 ,Jcr= 0 ,AParticleNo= 0.084117017885999068039
