gr= 0.10000000000000000555 ,gcr= 0.10000000000000000555 ,Jr= 0.3499999999999999778 ,Jcr= 0 ,Energy= -0.53831521136873661249
gr= 0.10000000000000000555 ,gcr= 0.10000000000000000555 ,Jr= 0.3499999999999999778 ,Jcr= 0 ,AParticleNo= 0.0032432586423443762053
gr= 0.10000000000000000555 ,gcr= 0.10000000000000000555 ,Jr= 0.3499999999999999778 ,Jcr= 0 ,AParticleNo= 0.0031039941837805386411
