gr= 0.10000000000000000555 ,gcr= 0.10000000000000000555 ,Jr= 0.83999999999999996891 ,Jcr= 0 ,Energy= -216.56148598632583457
gr= 0.10000000000000000555 ,gcr= 0.10000000000000000555 ,Jr= 0.83999999999999996891 ,Jcr= 0 ,AParticleNo= 3.7083442313415884151
gr= 0.10000000000000000555 ,gcr= 0.10000000000000000555 ,Jr= 0.83999999999999996891 ,Jcr= 0 ,AParticleNo= 0.090026207782718470352
