gr= 0.10000000000000000555 ,gcr= 0.10000000000000000555 ,Jr= 1.1599999999999999201 ,Jcr= 0 ,Energy= -441.33912689817606179
gr= 0.10000000000000000555 ,gcr= 0.10000000000000000555 ,Jr= 1.1599999999999999201 ,Jcr= 0 ,AParticleNo= 3.9718156832966915459
gr= 0.10000000000000000555 ,gcr= 0.10000000000000000555 ,Jr= 1.1599999999999999201 ,Jcr= 0 ,AParticleNo= 0.090523716372508666872
