gr= 0.10000000000000000555 ,gcr= 0.10000000000000000555 ,Jr= 0.93999999999999994671 ,Jcr= 0 ,Energy= -285.83635967530346988
gr= 0.10000000000000000555 ,gcr= 0.10000000000000000555 ,Jr= 0.93999999999999994671 ,Jcr= 0 ,AParticleNo= 3.8191563940909620811
gr= 0.10000000000000000555 ,gcr= 0.10000000000000000555 ,Jr= 0.93999999999999994671 ,Jcr= 0 ,AParticleNo= 0.090443349414444942913
