gr= 0.10000000000000000555 ,gcr= 0.10000000000000000555 ,Jr= 0.76000000000000000888 ,Jcr= 0 ,Energy= -162.25230926843639168
gr= 0.10000000000000000555 ,gcr= 0.10000000000000000555 ,Jr= 0.76000000000000000888 ,Jcr= 0 ,AParticleNo= 3.5836955746434133729
gr= 0.10000000000000000555 ,gcr= 0.10000000000000000555 ,Jr= 0.76000000000000000888 ,Jcr= 0 ,AParticleNo= 0.089261587923596147354
