gr= 0.10000000000000000555 ,gcr= 0.10000000000000000555 ,Jr= 0.89000000000000001332 ,Jcr= 0 ,Energy= -251.04435198375645655
gr= 0.10000000000000000555 ,gcr= 0.10000000000000000555 ,Jr= 0.89000000000000001332 ,Jcr= 0 ,AParticleNo= 3.7685352072325377648
gr= 0.10000000000000000555 ,gcr= 0.10000000000000000555 ,Jr= 0.89000000000000001332 ,Jcr= 0 ,AParticleNo= 0.0902866159038174243
