gr= 0.10000000000000000555 ,gcr= 0.10000000000000000555 ,Jr= 0.22000000000000000111 ,Jcr= 0 ,Energy= -0.51465229772636078565
gr= 0.10000000000000000555 ,gcr= 0.10000000000000000555 ,Jr= 0.22000000000000000111 ,Jcr= 0 ,AParticleNo= 0.0027577909967877716618
gr= 0.10000000000000000555 ,gcr= 0.10000000000000000555 ,Jr= 0.22000000000000000111 ,Jcr= 0 ,AParticleNo= 0.0027126207070978080454
