gr= 0.10000000000000000555 ,gcr= 0.10000000000000000555 ,Jr= 0.27000000000000001776 ,Jcr= 0 ,Energy= -0.521978415860012257
gr= 0.10000000000000000555 ,gcr= 0.10000000000000000555 ,Jr= 0.27000000000000001776 ,Jcr= 0 ,AParticleNo= 0.0028930803197073171745
gr= 0.10000000000000000555 ,gcr= 0.10000000000000000555 ,Jr= 0.27000000000000001776 ,Jcr= 0 ,AParticleNo= 0.0028300577723281952931
