gr= 0.10000000000000000555 ,gcr= 0.10000000000000000555 ,Jr= 0.75 ,Jcr= 0 ,Energy= -155.55900029292726572
gr= 0.10000000000000000555 ,gcr= 0.10000000000000000555 ,Jr= 0.75 ,Jcr= 0 ,AParticleNo= 3.5648145543763192222
gr= 0.10000000000000000555 ,gcr= 0.10000000000000000555 ,Jr= 0.75 ,Jcr= 0 ,AParticleNo= 0.089121727471357894967
