gr= 0.10000000000000000555 ,gcr= 0.10000000000000000555 ,Jr= 0.77000000000000001776 ,Jcr= 0 ,Energy= -168.96963188215229934
gr= 0.10000000000000000555 ,gcr= 0.10000000000000000555 ,Jr= 0.77000000000000001776 ,Jcr= 0 ,AParticleNo= 3.601720289094225258
gr= 0.10000000000000000555 ,gcr= 0.10000000000000000555 ,Jr= 0.77000000000000001776 ,Jcr= 0 ,AParticleNo= 0.089389413339135775916
