gr= 0.10000000000000000555 ,gcr= 0.10000000000000000555 ,Jr= 1.1899999999999999467 ,Jcr= 0 ,Energy= -462.75558312530432659
gr= 0.10000000000000000555 ,gcr= 0.10000000000000000555 ,Jr= 1.1899999999999999467 ,Jcr= 0 ,AParticleNo= 3.9868103284921696527
gr= 0.10000000000000000555 ,gcr= 0.10000000000000000555 ,Jr= 1.1899999999999999467 ,Jcr= 0 ,AParticleNo= 0.090490424418234433057
