gr= 0.10000000000000000555 ,gcr= 0.10000000000000000555 ,Jr= 1.1899999999999999467 ,Jcr= 0 ,Energy= -462.75575817558978997
gr= 0.10000000000000000555 ,gcr= 0.10000000000000000555 ,Jr= 1.1899999999999999467 ,Jcr= 0 ,AParticleNo= 3.9867885918021013225
gr= 0.10000000000000000555 ,gcr= 0.10000000000000000555 ,Jr= 1.1899999999999999467 ,Jcr= 0 ,AParticleNo= 0.090483330079941720614
