gr= 0.10000000000000000555 ,gcr= 0.10000000000000000555 ,Jr= 0.48999999999999999112 ,Jcr= 0 ,Energy= -2.7907145075129928813
gr= 0.10000000000000000555 ,gcr= 0.10000000000000000555 ,Jr= 0.48999999999999999112 ,Jcr= 0 ,AParticleNo= 1.6335515049529765186
gr= 0.10000000000000000555 ,gcr= 0.10000000000000000555 ,Jr= 0.48999999999999999112 ,Jcr= 0 ,AParticleNo= 0.054679336497309202758
