gr= 0.10000000000000000555 ,gcr= 0.10000000000000000555 ,Jr= 0.050000000000000002776 ,Jcr= 0 ,Energy= -0.50191463172421535432
gr= 0.10000000000000000555 ,gcr= 0.10000000000000000555 ,Jr= 0.050000000000000002776 ,Jcr= 0 ,AParticleNo= 0.0025420724402357270343
gr= 0.10000000000000000555 ,gcr= 0.10000000000000000555 ,Jr= 0.050000000000000002776 ,Jcr= 0 ,AParticleNo= 0.002516178874666879714
