gr= 0.10000000000000000555 ,gcr= 0.10000000000000000555 ,Jr= 0.30999999999999999778 ,Jcr= 0 ,Energy= -0.5293321766724794486
gr= 0.10000000000000000555 ,gcr= 0.10000000000000000555 ,Jr= 0.30999999999999999778 ,Jcr= 0 ,AParticleNo= 0.0030404354536510912708
gr= 0.10000000000000000555 ,gcr= 0.10000000000000000555 ,Jr= 0.30999999999999999778 ,Jcr= 0 ,AParticleNo= 0.0029512748296515981146
