gr= 0.10000000000000000555 ,gcr= 0.10000000000000000555 ,Jr= 1.1699999999999999289 ,Jcr= 0 ,Energy= -448.47352588060226708
gr= 0.10000000000000000555 ,gcr= 0.10000000000000000555 ,Jr= 1.1699999999999999289 ,Jcr= 0 ,AParticleNo= 3.9769257273862841373
gr= 0.10000000000000000555 ,gcr= 0.10000000000000000555 ,Jr= 1.1699999999999999289 ,Jcr= 0 ,AParticleNo= 0.090515553109290436407
