gr= 0.10000000000000000555 ,gcr= 0.10000000000000000555 ,Jr= 0.56999999999999995115 ,Jcr= 0 ,Energy= -41.959223275542534282
gr= 0.10000000000000000555 ,gcr= 0.10000000000000000555 ,Jr= 0.56999999999999995115 ,Jcr= 0 ,AParticleNo= 2.9278214938822517688
gr= 0.10000000000000000555 ,gcr= 0.10000000000000000555 ,Jr= 0.56999999999999995115 ,Jcr= 0 ,AParticleNo= 0.081560872721392396745
