gr= 0.10000000000000000555 ,gcr= 0.10000000000000000555 ,Jr= 1.0100000000000000089 ,Jcr= 0 ,Energy= -334.95165553699354177
gr= 0.10000000000000000555 ,gcr= 0.10000000000000000555 ,Jr= 1.0100000000000000089 ,Jcr= 0 ,AParticleNo= 3.8779768531790010933
gr= 0.10000000000000000555 ,gcr= 0.10000000000000000555 ,Jr= 1.0100000000000000089 ,Jcr= 0 ,AParticleNo= 0.090552101856085642773
