gr= 0.10000000000000000555 ,gcr= 0.10000000000000000555 ,Jr= 0.23000000000000000999 ,Jcr= 0 ,Energy= -0.51596753827782393387
gr= 0.10000000000000000555 ,gcr= 0.10000000000000000555 ,Jr= 0.23000000000000000999 ,Jcr= 0 ,AParticleNo= 0.0027813772866011497384
gr= 0.10000000000000000555 ,gcr= 0.10000000000000000555 ,Jr= 0.23000000000000000999 ,Jcr= 0 ,AParticleNo= 0.0027334621311318561127
