gr= 0.10000000000000000555 ,gcr= 0.10000000000000000555 ,Jr= 0.23000000000000000999 ,Jcr= 0 ,Energy= -0.0029050868659008391784
gr= 0.10000000000000000555 ,gcr= 0.10000000000000000555 ,Jr= 0.23000000000000000999 ,Jcr= 0 ,AParticleNo= 0.012427377100077000374
gr= 0.10000000000000000555 ,gcr= 0.10000000000000000555 ,Jr= 0.23000000000000000999 ,Jcr= 0 ,AParticleNo= 0.0031725827589283699809
