gr= 0.10000000000000000555 ,gcr= 0.10000000000000000555 ,Jr= 0.94999999999999995559 ,Jcr= 0 ,Energy= -292.82620769680892181
gr= 0.10000000000000000555 ,gcr= 0.10000000000000000555 ,Jr= 0.94999999999999995559 ,Jcr= 0 ,AParticleNo= 3.8283399288476194222
gr= 0.10000000000000000555 ,gcr= 0.10000000000000000555 ,Jr= 0.94999999999999995559 ,Jcr= 0 ,AParticleNo= 0.090465589839219887058
