gr= 0.10000000000000000555 ,gcr= 0.10000000000000000555 ,Jr= 0.94999999999999995559 ,Jcr= 0 ,Energy= -292.82620370777044627
gr= 0.10000000000000000555 ,gcr= 0.10000000000000000555 ,Jr= 0.94999999999999995559 ,Jcr= 0 ,AParticleNo= 3.8283393798453371204
gr= 0.10000000000000000555 ,gcr= 0.10000000000000000555 ,Jr= 0.94999999999999995559 ,Jcr= 0 ,AParticleNo= 0.0904655176251571852
