gr= 0.10000000000000000555 ,gcr= 0.10000000000000000555 ,Jr= 0.23999999999999999112 ,Jcr= 0 ,Energy= -0.51735532367542158561
gr= 0.10000000000000000555 ,gcr= 0.10000000000000000555 ,Jr= 0.23999999999999999112 ,Jcr= 0 ,AParticleNo= 0.0028065783367593718015
gr= 0.10000000000000000555 ,gcr= 0.10000000000000000555 ,Jr= 0.23999999999999999112 ,Jcr= 0 ,AParticleNo= 0.002755567494763260742
