gr= 0.10000000000000000555 ,gcr= 0.10000000000000000555 ,Jr= 0.47999999999999998224 ,Jcr= 0 ,Energy= -0.61300173718599193506
gr= 0.10000000000000000555 ,gcr= 0.10000000000000000555 ,Jr= 0.47999999999999998224 ,Jcr= 0 ,AParticleNo= 0.027986282934656259852
gr= 0.10000000000000000555 ,gcr= 0.10000000000000000555 ,Jr= 0.47999999999999998224 ,Jcr= 0 ,AParticleNo= 0.0051428154307145822893
