gr= 0.10000000000000000555 ,gcr= 0.10000000000000000555 ,Jr= 0.51000000000000000888 ,Jcr= 0 ,Energy= -10.736405920695901273
gr= 0.10000000000000000555 ,gcr= 0.10000000000000000555 ,Jr= 0.51000000000000000888 ,Jcr= 0 ,AParticleNo= 2.2598425134753448162
gr= 0.10000000000000000555 ,gcr= 0.10000000000000000555 ,Jr= 0.51000000000000000888 ,Jcr= 0 ,AParticleNo= 0.069278577760700302268
