gr= 0.10000000000000000555 ,gcr= 0.10000000000000000555 ,Jr= 0.61999999999999999556 ,Jcr= 0 ,Energy= -71.657079502888052502
gr= 0.10000000000000000555 ,gcr= 0.10000000000000000555 ,Jr= 0.61999999999999999556 ,Jcr= 0 ,AParticleNo= 3.1953505707836593608
gr= 0.10000000000000000555 ,gcr= 0.10000000000000000555 ,Jr= 0.61999999999999999556 ,Jcr= 0 ,AParticleNo= 0.08533321466693985502
