gr= 0.10000000000000000555 ,gcr= 0.10000000000000000555 ,Jr= 0.56000000000000005329 ,Jcr= 0 ,Energy= -36.322751689840792721
gr= 0.10000000000000000555 ,gcr= 0.10000000000000000555 ,Jr= 0.56000000000000005329 ,Jcr= 0 ,AParticleNo= 2.8555006089519601176
gr= 0.10000000000000000555 ,gcr= 0.10000000000000000555 ,Jr= 0.56000000000000005329 ,Jcr= 0 ,AParticleNo= 0.080416997216361391088
