gr= 0.10000000000000000555 ,gcr= 0.10000000000000000555 ,Jr= 0.52000000000000001776 ,Jcr= 0 ,Energy= -15.383918930501316424
gr= 0.10000000000000000555 ,gcr= 0.10000000000000000555 ,Jr= 0.52000000000000001776 ,Jcr= 0 ,AParticleNo= 2.4317588420474312016
gr= 0.10000000000000000555 ,gcr= 0.10000000000000000555 ,Jr= 0.52000000000000001776 ,Jcr= 0 ,AParticleNo= 0.072787431643850999952
