gr= 0.10000000000000000555 ,gcr= 0.10000000000000000555 ,Jr= 1.1399999999999999023 ,Jcr= 0 ,Energy= -427.08386882536376561
gr= 0.10000000000000000555 ,gcr= 0.10000000000000000555 ,Jr= 1.1399999999999999023 ,Jcr= 0 ,AParticleNo= 3.961229281040075989
gr= 0.10000000000000000555 ,gcr= 0.10000000000000000555 ,Jr= 1.1399999999999999023 ,Jcr= 0 ,AParticleNo= 0.090539546479974600257
