gr= 0.10000000000000000555 ,gcr= 0.10000000000000000555 ,Jr= 0.4000000000000000222 ,Jcr= 0 ,Energy= -0.55271736525935533102
gr= 0.10000000000000000555 ,gcr= 0.10000000000000000555 ,Jr= 0.4000000000000000222 ,Jcr= 0 ,AParticleNo= 0.0036651682176173832131
gr= 0.10000000000000000555 ,gcr= 0.10000000000000000555 ,Jr= 0.4000000000000000222 ,Jcr= 0 ,AParticleNo= 0.0033601249422915901652
