gr= 0.10000000000000000555 ,gcr= 0.10000000000000000555 ,Jr= 1.0400000000000000355 ,Jcr= 0 ,Energy= -356.12009024299567272
gr= 0.10000000000000000555 ,gcr= 0.10000000000000000555 ,Jr= 1.0400000000000000355 ,Jcr= 0 ,AParticleNo= 3.8997670612912802568
gr= 0.10000000000000000555 ,gcr= 0.10000000000000000555 ,Jr= 1.0400000000000000355 ,Jcr= 0 ,AParticleNo= 0.090564285785519699212
