gr= 0.10000000000000000555 ,gcr= 0.10000000000000000555 ,Jr= 0.91000000000000003109 ,Jcr= 0 ,Energy= -264.92784176261517359
gr= 0.10000000000000000555 ,gcr= 0.10000000000000000555 ,Jr= 0.91000000000000003109 ,Jcr= 0 ,AParticleNo= 3.7897894071579578679
gr= 0.10000000000000000555 ,gcr= 0.10000000000000000555 ,Jr= 0.91000000000000003109 ,Jcr= 0 ,AParticleNo= 0.090359919095781920939
