gr= 0.10000000000000000555 ,gcr= 0.10000000000000000555 ,Jr= 0.70999999999999996447 ,Jcr= 0 ,Energy= -129.05789344742919411
gr= 0.10000000000000000555 ,gcr= 0.10000000000000000555 ,Jr= 0.70999999999999996447 ,Jcr= 0 ,AParticleNo= 3.4792792730097872322
gr= 0.10000000000000000555 ,gcr= 0.10000000000000000555 ,Jr= 0.70999999999999996447 ,Jcr= 0 ,AParticleNo= 0.088415884606214939501
