gr= 0.10000000000000000555 ,gcr= 0.10000000000000000555 ,Jr= 0.25 ,Jcr= 0 ,Energy= -0.51881797521215533564
gr= 0.10000000000000000555 ,gcr= 0.10000000000000000555 ,Jr= 0.25 ,Jcr= 0 ,AParticleNo= 0.0028335059158481178815
gr= 0.10000000000000000555 ,gcr= 0.10000000000000000555 ,Jr= 0.25 ,Jcr= 0 ,AParticleNo= 0.0027789927497777794536
