gr= 0.10000000000000000555 ,gcr= 0.10000000000000000555 ,Jr= 0.28999999999999998002 ,Jcr= 0 ,Energy= -0.5254730200530773887
gr= 0.10000000000000000555 ,gcr= 0.10000000000000000555 ,Jr= 0.28999999999999998002 ,Jcr= 0 ,AParticleNo= 0.0029614287313859629681
gr= 0.10000000000000000555 ,gcr= 0.10000000000000000555 ,Jr= 0.28999999999999998002 ,Jcr= 0 ,AParticleNo= 0.0028872409735120705548
