gr= 0.10000000000000000555 ,gcr= 0.10000000000000000555 ,Jr= 0.68999999999999994671 ,Jcr= 0 ,Energy= -115.99728757685244318
gr= 0.10000000000000000555 ,gcr= 0.10000000000000000555 ,Jr= 0.68999999999999994671 ,Jcr= 0 ,AParticleNo= 3.4292202394728925618
gr= 0.10000000000000000555 ,gcr= 0.10000000000000000555 ,Jr= 0.68999999999999994671 ,Jcr= 0 ,AParticleNo= 0.087951587007791598438
