gr= 0.10000000000000000555 ,gcr= 0.10000000000000000555 ,Jr= 0.17000000000000001221 ,Jcr= 0 ,Energy= -0.5090967318032291189
gr= 0.10000000000000000555 ,gcr= 0.10000000000000000555 ,Jr= 0.17000000000000001221 ,Jcr= 0 ,AParticleNo= 0.0026610702994312521175
gr= 0.10000000000000000555 ,gcr= 0.10000000000000000555 ,Jr= 0.17000000000000001221 ,Jcr= 0 ,AParticleNo= 0.0026257436637686327671
