gr= 0.10000000000000000555 ,gcr= 0.10000000000000000555 ,Jr= 1.1299999999999998934 ,Jcr= 0 ,Energy= -419.96323292892657264
gr= 0.10000000000000000555 ,gcr= 0.10000000000000000555 ,Jr= 1.1299999999999998934 ,Jcr= 0 ,AParticleNo= 3.9557451780942836095
gr= 0.10000000000000000555 ,gcr= 0.10000000000000000555 ,Jr= 1.1299999999999998934 ,Jcr= 0 ,AParticleNo= 0.090547304792761226788
