gr= 0.10000000000000000555 ,gcr= 0.10000000000000000555 ,Jr= 0.8499999999999999778 ,Jcr= 0 ,Energy= -223.42971497129536829
gr= 0.10000000000000000555 ,gcr= 0.10000000000000000555 ,Jr= 0.8499999999999999778 ,Jcr= 0 ,AParticleNo= 3.7212806104045377253
gr= 0.10000000000000000555 ,gcr= 0.10000000000000000555 ,Jr= 0.8499999999999999778 ,Jcr= 0 ,AParticleNo= 0.090088698586270818391
