gr= 0.10000000000000000555 ,gcr= 0.10000000000000000555 ,Jr= 0.2000000000000000111 ,Jcr= 0 ,Energy= -0.51223121070051647052
gr= 0.10000000000000000555 ,gcr= 0.10000000000000000555 ,Jr= 0.2000000000000000111 ,Jcr= 0 ,AParticleNo= 0.0027150862531311790136
gr= 0.10000000000000000555 ,gcr= 0.10000000000000000555 ,Jr= 0.2000000000000000111 ,Jcr= 0 ,AParticleNo= 0.0026745307743886734611
