gr= 0.10000000000000000555 ,gcr= 0.10000000000000000555 ,Jr= 0.66000000000000003109 ,Jcr= 0 ,Energy= -96.698434735457638567
gr= 0.10000000000000000555 ,gcr= 0.10000000000000000555 ,Jr= 0.66000000000000003109 ,Jcr= 0 ,AParticleNo= 3.342175680216583622
gr= 0.10000000000000000555 ,gcr= 0.10000000000000000555 ,Jr= 0.66000000000000003109 ,Jcr= 0 ,AParticleNo= 0.087059863057991654367
