gr= 0.10000000000000000555 ,gcr= 0.10000000000000000555 ,Jr= 0.14000000000000001332 ,Jcr= 0 ,Energy= -0.50652437865701216424
gr= 0.10000000000000000555 ,gcr= 0.10000000000000000555 ,Jr= 0.14000000000000001332 ,Jcr= 0 ,AParticleNo= 0.0026177271926173645809
gr= 0.10000000000000000555 ,gcr= 0.10000000000000000555 ,Jr= 0.14000000000000001332 ,Jcr= 0 ,AParticleNo= 0.0025861472799653438884
