gr= 0.10000000000000000555 ,gcr= 0.10000000000000000555 ,Jr= 0.02999999999999999889 ,Jcr= 0 ,Energy= -0.50149091256619726664
gr= 0.10000000000000000555 ,gcr= 0.10000000000000000555 ,Jr= 0.02999999999999999889 ,Jcr= 0 ,AParticleNo= 0.0025352400110841923943
gr= 0.10000000000000000555 ,gcr= 0.10000000000000000555 ,Jr= 0.02999999999999999889 ,Jcr= 0 ,AParticleNo= 0.002509810924758280274
