gr= 0.10000000000000000555 ,gcr= 0.10000000000000000555 ,Jr= 0.95999999999999996447 ,Jcr= 0 ,Energy= -299.82550147439042121
gr= 0.10000000000000000555 ,gcr= 0.10000000000000000555 ,Jr= 0.95999999999999996447 ,Jcr= 0 ,AParticleNo= 3.8372401411986860609
gr= 0.10000000000000000555 ,gcr= 0.10000000000000000555 ,Jr= 0.95999999999999996447 ,Jcr= 0 ,AParticleNo= 0.090484944889822810365
