gr= 0.10000000000000000555 ,gcr= 0.10000000000000000555 ,Jr= 0.28000000000000002665 ,Jcr= 0 ,Energy= -0.52368221950808213627
gr= 0.10000000000000000555 ,gcr= 0.10000000000000000555 ,Jr= 0.28000000000000002665 ,Jcr= 0 ,AParticleNo= 0.0029260562198713839163
gr= 0.10000000000000000555 ,gcr= 0.10000000000000000555 ,Jr= 0.28000000000000002665 ,Jcr= 0 ,AParticleNo= 0.002857842920202218872
