gr= 0.10000000000000000555 ,gcr= 0.10000000000000000555 ,Jr= 0.93000000000000004885 ,Jcr= 0 ,Energy= -278.85640491846226041
gr= 0.10000000000000000555 ,gcr= 0.10000000000000000555 ,Jr= 0.93000000000000004885 ,Jcr= 0 ,AParticleNo= 3.8096817156235438517
gr= 0.10000000000000000555 ,gcr= 0.10000000000000000555 ,Jr= 0.93000000000000004885 ,Jcr= 0 ,AParticleNo= 0.090418504170535596298
