gr= 0.10000000000000000555 ,gcr= 0.10000000000000000555 ,Jr= 0.53000000000000002665 ,Jcr= 0 ,Energy= -20.316906726680052486
gr= 0.10000000000000000555 ,gcr= 0.10000000000000000555 ,Jr= 0.53000000000000002665 ,Jcr= 0 ,AParticleNo= 2.5671163468992448387
gr= 0.10000000000000000555 ,gcr= 0.10000000000000000555 ,Jr= 0.53000000000000002665 ,Jcr= 0 ,AParticleNo= 0.075388065326689415735
