gr= 0.10000000000000000555 ,gcr= 0.10000000000000000555 ,Jr= 0.73999999999999999112 ,Jcr= 0 ,Energy= -148.89122123585002555
gr= 0.10000000000000000555 ,gcr= 0.10000000000000000555 ,Jr= 0.73999999999999999112 ,Jcr= 0 ,AParticleNo= 3.5450112904821295956
gr= 0.10000000000000000555 ,gcr= 0.10000000000000000555 ,Jr= 0.73999999999999999112 ,Jcr= 0 ,AParticleNo= 0.088968662597822420479
