gr= 0.10000000000000000555 ,gcr= 0.10000000000000000555 ,Jr= 0 ,Jcr= 0 ,Energy= -0.50125312494110130235
gr= 0.10000000000000000555 ,gcr= 0.10000000000000000555 ,Jr= 0 ,Jcr= 0 ,AParticleNo= 0.0025314142930329100629
gr= 0.10000000000000000555 ,gcr= 0.10000000000000000555 ,Jr= 0 ,Jcr= 0 ,AParticleNo= 0.0025062419519248945766
