gr= 0.10000000000000000555 ,gcr= 0.10000000000000000555 ,Jr= 0.71999999999999997335 ,Jcr= 0 ,Energy= -135.63882667257959724
gr= 0.10000000000000000555 ,gcr= 0.10000000000000000555 ,Jr= 0.71999999999999997335 ,Jcr= 0 ,AParticleNo= 3.5023318067949524846
gr= 0.10000000000000000555 ,gcr= 0.10000000000000000555 ,Jr= 0.71999999999999997335 ,Jcr= 0 ,AParticleNo= 0.088617352340831789803
