gr= 0.10000000000000000555 ,gcr= 0.10000000000000000555 ,Jr= 0.010000000000000000208 ,Jcr= 0 ,Energy= -0.50127952614751336569
gr= 0.10000000000000000555 ,gcr= 0.10000000000000000555 ,Jr= 0.010000000000000000208 ,Jcr= 0 ,AParticleNo= 0.0025318387548103719886
gr= 0.10000000000000000555 ,gcr= 0.10000000000000000555 ,Jr= 0.010000000000000000208 ,Jcr= 0 ,AParticleNo= 0.0025066380448992143896
