gr= 0.10000000000000000555 ,gcr= 0.10000000000000000555 ,Jr= 1.0200000000000000178 ,Jcr= 0 ,Energy= -342.00085076127658112
gr= 0.10000000000000000555 ,gcr= 0.10000000000000000555 ,Jr= 1.0200000000000000178 ,Jcr= 0 ,AParticleNo= 3.8854393597390073367
gr= 0.10000000000000000555 ,gcr= 0.10000000000000000555 ,Jr= 1.0200000000000000178 ,Jcr= 0 ,AParticleNo= 0.090555394547355949619
