gr= 0.10000000000000000555 ,gcr= 0.10000000000000000555 ,Jr= 0.78000000000000002665 ,Jcr= 0 ,Energy= -175.70962761516543083
gr= 0.10000000000000000555 ,gcr= 0.10000000000000000555 ,Jr= 0.78000000000000002665 ,Jcr= 0 ,AParticleNo= 3.6189501993686787884
gr= 0.10000000000000000555 ,gcr= 0.10000000000000000555 ,Jr= 0.78000000000000002665 ,Jcr= 0 ,AParticleNo= 0.089506429853870167479
