gr= 0.10000000000000000555 ,gcr= 0.10000000000000000555 ,Jr= 0.13000000000000000444 ,Jcr= 0 ,Energy= -0.50578639008666215204
gr= 0.10000000000000000555 ,gcr= 0.10000000000000000555 ,Jr= 0.13000000000000000444 ,Jcr= 0 ,AParticleNo= 0.0026054464420523859927
gr= 0.10000000000000000555 ,gcr= 0.10000000000000000555 ,Jr= 0.13000000000000000444 ,Jcr= 0 ,AParticleNo= 0.0025748606973813605546
