gr= 0.10000000000000000555 ,gcr= 0.10000000000000000555 ,Jr= 0.35999999999999998668 ,Jcr= 0 ,Energy= -0.54086885800039041783
gr= 0.10000000000000000555 ,gcr= 0.10000000000000000555 ,Jr= 0.35999999999999998668 ,Jcr= 0 ,AParticleNo= 0.0033073056068469376852
gr= 0.10000000000000000555 ,gcr= 0.10000000000000000555 ,Jr= 0.35999999999999998668 ,Jcr= 0 ,AParticleNo= 0.0031483663270388392505
