gr= 0.10000000000000000555 ,gcr= 0.10000000000000000555 ,Jr= 0.020000000000000000416 ,Jcr= 0 ,Energy= -0.50135875920645422976
gr= 0.10000000000000000555 ,gcr= 0.10000000000000000555 ,Jr= 0.020000000000000000416 ,Jcr= 0 ,AParticleNo= 0.0025331130603688072067
gr= 0.10000000000000000555 ,gcr= 0.10000000000000000555 ,Jr= 0.020000000000000000416 ,Jcr= 0 ,AParticleNo= 0.0025078270022445580713
