gr= 0.10000000000000000555 ,gcr= 0.10000000000000000555 ,Jr= 0.26000000000000000888 ,Jcr= 0 ,Energy= -0.5203580576936989166
gr= 0.10000000000000000555 ,gcr= 0.10000000000000000555 ,Jr= 0.26000000000000000888 ,Jcr= 0 ,AParticleNo= 0.0028622895315530108747
gr= 0.10000000000000000555 ,gcr= 0.10000000000000000555 ,Jr= 0.26000000000000000888 ,Jcr= 0 ,AParticleNo= 0.0028037999200152745154
