gr= 0.10000000000000000555 ,gcr= 0.10000000000000000555 ,Jr= 0.17999999999999999334 ,Jcr= 0 ,Energy= -0.51007735721853475486
gr= 0.10000000000000000555 ,gcr= 0.10000000000000000555 ,Jr= 0.17999999999999999334 ,Jcr= 0 ,AParticleNo= 0.0026778223423219904738
gr= 0.10000000000000000555 ,gcr= 0.10000000000000000555 ,Jr= 0.17999999999999999334 ,Jcr= 0 ,AParticleNo= 0.0026409430766897888307
