gr= 0.10000000000000000555 ,gcr= 0.10000000000000000555 ,Jr= 0.14999999999999999445 ,Jcr= 0 ,Energy= -0.50732140708553807862
gr= 0.10000000000000000555 ,gcr= 0.10000000000000000555 ,Jr= 0.14999999999999999445 ,Jcr= 0 ,AParticleNo= 0.0026310662874546681886
gr= 0.10000000000000000555 ,gcr= 0.10000000000000000555 ,Jr= 0.14999999999999999445 ,Jcr= 0 ,AParticleNo= 0.0025983736259587797771
