gr= 0.10000000000000000555 ,gcr= 0.10000000000000000555 ,Jr= 0.05999999999999999778 ,Jcr= 0 ,Energy= -0.50220667447323574795
gr= 0.10000000000000000555 ,gcr= 0.10000000000000000555 ,Jr= 0.05999999999999999778 ,Jcr= 0 ,AParticleNo= 0.0025467931058985320177
gr= 0.10000000000000000555 ,gcr= 0.10000000000000000555 ,Jr= 0.05999999999999999778 ,Jcr= 0 ,AParticleNo= 0.0025205740941036378945
