gr= 0.10000000000000000555 ,gcr= 0.10000000000000000555 ,Jr= 0.96999999999999997335 ,Jcr= 0 ,Energy= -306.83398075415982476
gr= 0.10000000000000000555 ,gcr= 0.10000000000000000555 ,Jr= 0.96999999999999997335 ,Jcr= 0 ,AParticleNo= 3.8458750573311806242
gr= 0.10000000000000000555 ,gcr= 0.10000000000000000555 ,Jr= 0.96999999999999997335 ,Jcr= 0 ,AParticleNo= 0.090502004260389318224
