gr= 0.10000000000000000555 ,gcr= 0.10000000000000000555 ,Jr= 1.1799999999999999378 ,Jcr= 0 ,Energy= -455.61231982954376463
gr= 0.10000000000000000555 ,gcr= 0.10000000000000000555 ,Jr= 1.1799999999999999378 ,Jcr= 0 ,AParticleNo= 3.9819240506106696742
gr= 0.10000000000000000555 ,gcr= 0.10000000000000000555 ,Jr= 1.1799999999999999378 ,Jcr= 0 ,AParticleNo= 0.090501585329243919298
