gr= 0.10000000000000000555 ,gcr= 0.10000000000000000555 ,Jr= 0.34000000000000002442 ,Jcr= 0 ,Energy= -0.53589406360814018093
gr= 0.10000000000000000555 ,gcr= 0.10000000000000000555 ,Jr= 0.34000000000000002442 ,Jcr= 0 ,AParticleNo= 0.0031854733970390503722
gr= 0.10000000000000000555 ,gcr= 0.10000000000000000555 ,Jr= 0.34000000000000002442 ,Jcr= 0 ,AParticleNo= 0.0030623203479212810808
