gr= 0.10000000000000000555 ,gcr= 0.10000000000000000555 ,Jr= 1.1000000000000000888 ,Jcr= 0 ,Energy= -398.63163686827039101
gr= 0.10000000000000000555 ,gcr= 0.10000000000000000555 ,Jr= 1.1000000000000000888 ,Jcr= 0 ,AParticleNo= 3.9384580536666007333
gr= 0.10000000000000000555 ,gcr= 0.10000000000000000555 ,Jr= 1.1000000000000000888 ,Jcr= 0 ,AParticleNo= 0.090554893831152311057
