gr= 0.10000000000000000555 ,gcr= 0.10000000000000000555 ,Jr= 0.58999999999999996891 ,Jcr= 0 ,Energy= -53.570325007174524501
gr= 0.10000000000000000555 ,gcr= 0.10000000000000000555 ,Jr= 0.58999999999999996891 ,Jcr= 0 ,AParticleNo= 3.050335685537381103
gr= 0.10000000000000000555 ,gcr= 0.10000000000000000555 ,Jr= 0.58999999999999996891 ,Jcr= 0 ,AParticleNo= 0.083381732071463210421
