gr= 0.10000000000000000555 ,gcr= 0.10000000000000000555 ,Jr= 0.39000000000000001332 ,Jcr= 0 ,Energy= -0.54946792063913518778
gr= 0.10000000000000000555 ,gcr= 0.10000000000000000555 ,Jr= 0.39000000000000001332 ,Jcr= 0 ,AParticleNo= 0.0035543801039370969894
gr= 0.10000000000000000555 ,gcr= 0.10000000000000000555 ,Jr= 0.39000000000000001332 ,Jcr= 0 ,AParticleNo= 0.0033010489173078984802
