gr= 0.10000000000000000555 ,gcr= 0.10000000000000000555 ,Jr= 0.10000000000000000555 ,Jcr= 0 ,Energy= -0.50391789288600818963
gr= 0.10000000000000000555 ,gcr= 0.10000000000000000555 ,Jr= 0.10000000000000000555 ,Jcr= 0 ,AParticleNo= 0.002574646003505649209
gr= 0.10000000000000000555 ,gcr= 0.10000000000000000555 ,Jr= 0.10000000000000000555 ,Jcr= 0 ,AParticleNo= 0.0025464296616788850876
