gr= 0.10000000000000000555 ,gcr= 0.10000000000000000555 ,Jr= 0.38000000000000000444 ,Jcr= 0 ,Energy= -0.54642708388719618551
gr= 0.10000000000000000555 ,gcr= 0.10000000000000000555 ,Jr= 0.38000000000000000444 ,Jcr= 0 ,AParticleNo= 0.0034604377903593671641
gr= 0.10000000000000000555 ,gcr= 0.10000000000000000555 ,Jr= 0.38000000000000000444 ,Jcr= 0 ,AParticleNo= 0.003246466613656407308
