gr= 0.10000000000000000555 ,gcr= 0.10000000000000000555 ,Jr= 0.5 ,Jcr= 0 ,Energy= -6.4722027040096152817
gr= 0.10000000000000000555 ,gcr= 0.10000000000000000555 ,Jr= 0.5 ,Jcr= 0 ,AParticleNo= 2.0233620584821290223
gr= 0.10000000000000000555 ,gcr= 0.10000000000000000555 ,Jr= 0.5 ,Jcr= 0 ,AParticleNo= 0.064092985999611121195
