gr= 0.10000000000000000555 ,gcr= 0.10000000000000000555 ,Jr= 0.67000000000000003997 ,Jcr= 0 ,Energy= -103.08846425045992135
gr= 0.10000000000000000555 ,gcr= 0.10000000000000000555 ,Jr= 0.67000000000000003997 ,Jcr= 0 ,AParticleNo= 3.3730008586125395098
gr= 0.10000000000000000555 ,gcr= 0.10000000000000000555 ,Jr= 0.67000000000000003997 ,Jcr= 0 ,AParticleNo= 0.087387276534926353055
