gr= 0.10000000000000000555 ,gcr= 0.10000000000000000555 ,Jr= 0.46999999999999997335 ,Jcr= 0 ,Energy= -0.55519237869790660778
gr= 0.10000000000000000555 ,gcr= 0.10000000000000000555 ,Jr= 0.46999999999999997335 ,Jcr= 0 ,AParticleNo= 0.019585785325438441473
gr= 0.10000000000000000555 ,gcr= 0.10000000000000000555 ,Jr= 0.46999999999999997335 ,Jcr= 0 ,AParticleNo= 0.0044695956563403655554
