gr= 0.10000000000000000555 ,gcr= 0.10000000000000000555 ,Jr= 0.46999999999999997335 ,Jcr= 0 ,Energy= -0.59094466623404950933
gr= 0.10000000000000000555 ,gcr= 0.10000000000000000555 ,Jr= 0.46999999999999997335 ,Jcr= 0 ,AParticleNo= 0.008256464726199116283
gr= 0.10000000000000000555 ,gcr= 0.10000000000000000555 ,Jr= 0.46999999999999997335 ,Jcr= 0 ,AParticleNo= 0.0041620059981469642585
