gr= 0.10000000000000000555 ,gcr= 0.10000000000000000555 ,Jr= 0.55000000000000004441 ,Jcr= 0 ,Energy= -30.820976213328354021
gr= 0.10000000000000000555 ,gcr= 0.10000000000000000555 ,Jr= 0.55000000000000004441 ,Jcr= 0 ,AParticleNo= 2.7733795439284314455
gr= 0.10000000000000000555 ,gcr= 0.10000000000000000555 ,Jr= 0.55000000000000004441 ,Jcr= 0 ,AParticleNo= 0.079059091557708127684
