gr= 0.10000000000000000555 ,gcr= 0.10000000000000000555 ,Jr= 0.42999999999999999334 ,Jcr= 0 ,Energy= -0.56419415865273581101
gr= 0.10000000000000000555 ,gcr= 0.10000000000000000555 ,Jr= 0.42999999999999999334 ,Jcr= 0 ,AParticleNo= 0.0041929477273705282117
gr= 0.10000000000000000555 ,gcr= 0.10000000000000000555 ,Jr= 0.42999999999999999334 ,Jcr= 0 ,AParticleNo= 0.0035757676205557002366
