gr= 0.10000000000000000555 ,gcr= 0.10000000000000000555 ,Jr= 0.11000000000000000056 ,Jcr= 0 ,Energy= -0.50448393949557512883
gr= 0.10000000000000000555 ,gcr= 0.10000000000000000555 ,Jr= 0.11000000000000000056 ,Jcr= 0 ,AParticleNo= 0.0025839332047268635632
gr= 0.10000000000000000555 ,gcr= 0.10000000000000000555 ,Jr= 0.11000000000000000056 ,Jcr= 0 ,AParticleNo= 0.0025550206588290692855
