gr= 0.10000000000000000555 ,gcr= 0.10000000000000000555 ,Jr= 0.33000000000000001554 ,Jcr= 0 ,Energy= -0.53359523408116582566
gr= 0.10000000000000000555 ,gcr= 0.10000000000000000555 ,Jr= 0.33000000000000001554 ,Jcr= 0 ,AParticleNo= 0.0031329035336916661973
gr= 0.10000000000000000555 ,gcr= 0.10000000000000000555 ,Jr= 0.33000000000000001554 ,Jcr= 0 ,AParticleNo= 0.0030231040114541093446
