gr= 0.10000000000000000555 ,gcr= 0.10000000000000000555 ,Jr= 1.1200000000000001066 ,Jcr= 0 ,Energy= -412.84765835905506037
gr= 0.10000000000000000555 ,gcr= 0.10000000000000000555 ,Jr= 1.1200000000000001066 ,Jcr= 0 ,AParticleNo= 3.9501072335962730264
gr= 0.10000000000000000555 ,gcr= 0.10000000000000000555 ,Jr= 1.1200000000000001066 ,Jcr= 0 ,AParticleNo= 0.090543012036338216264
