gr= 0.10000000000000000555 ,gcr= 0.10000000000000000555 ,Jr= 0.86999999999999999556 ,Jcr= 0 ,Energy= -237.21003123106464727
gr= 0.10000000000000000555 ,gcr= 0.10000000000000000555 ,Jr= 0.86999999999999999556 ,Jcr= 0 ,AParticleNo= 3.7457567770806567964
gr= 0.10000000000000000555 ,gcr= 0.10000000000000000555 ,Jr= 0.86999999999999999556 ,Jcr= 0 ,AParticleNo= 0.090198524006730007585
