gr= 0.10000000000000000555 ,gcr= 0.10000000000000000555 ,Jr= 0.46000000000000001998 ,Jcr= 0 ,Energy= -0.58122977912508155818
gr= 0.10000000000000000555 ,gcr= 0.10000000000000000555 ,Jr= 0.46000000000000001998 ,Jcr= 0 ,AParticleNo= 0.0059374197284668616889
gr= 0.10000000000000000555 ,gcr= 0.10000000000000000555 ,Jr= 0.46000000000000001998 ,Jcr= 0 ,AParticleNo= 0.0039266377193971227846
