gr= 0.10000000000000000555 ,gcr= 0.10000000000000000555 ,Jr= 0.080000000000000001665 ,Jcr= 0 ,Energy= -0.50295278442783719619
gr= 0.10000000000000000555 ,gcr= 0.10000000000000000555 ,Jr= 0.080000000000000001665 ,Jcr= 0 ,AParticleNo= 0.0025588965381090804721
gr= 0.10000000000000000555 ,gcr= 0.10000000000000000555 ,Jr= 0.080000000000000001665 ,Jcr= 0 ,AParticleNo= 0.0025318259703249602725
