gr= 0.10000000000000000555 ,gcr= 0.10000000000000000555 ,Jr= 0.69999999999999995559 ,Jcr= 0 ,Energy= -122.5099235903081194
gr= 0.10000000000000000555 ,gcr= 0.10000000000000000555 ,Jr= 0.69999999999999995559 ,Jcr= 0 ,AParticleNo= 3.4549500192066648907
gr= 0.10000000000000000555 ,gcr= 0.10000000000000000555 ,Jr= 0.69999999999999995559 ,Jcr= 0 ,AParticleNo= 0.088194983130788690007
