gr= 0.10000000000000000555 ,gcr= 0.10000000000000000555 ,Jr= 1.0300000000000000266 ,Jcr= 0 ,Energy= -349.0569972222227193
gr= 0.10000000000000000555 ,gcr= 0.10000000000000000555 ,Jr= 1.0300000000000000266 ,Jcr= 0 ,AParticleNo= 3.8927009624319364178
gr= 0.10000000000000000555 ,gcr= 0.10000000000000000555 ,Jr= 1.0300000000000000266 ,Jcr= 0 ,AParticleNo= 0.09056058692558392742
