gr= 0.10000000000000000555 ,gcr= 0.10000000000000000555 ,Jr= 0.57999999999999996003 ,Jcr= 0 ,Energy= -47.713067855309816423
gr= 0.10000000000000000555 ,gcr= 0.10000000000000000555 ,Jr= 0.57999999999999996003 ,Jcr= 0 ,AParticleNo= 2.9922966947533296
gr= 0.10000000000000000555 ,gcr= 0.10000000000000000555 ,Jr= 0.57999999999999996003 ,Jcr= 0 ,AParticleNo= 0.082537823038212720927
