gr= 0.10000000000000000555 ,gcr= 0.10000000000000000555 ,Jr= 0.81000000000000005329 ,Jcr= 0 ,Energy= -196.05353027557734436
gr= 0.10000000000000000555 ,gcr= 0.10000000000000000555 ,Jr= 0.81000000000000005329 ,Jcr= 0 ,AParticleNo= 3.6663861605908616426
gr= 0.10000000000000000555 ,gcr= 0.10000000000000000555 ,Jr= 0.81000000000000005329 ,Jcr= 0 ,AParticleNo= 0.089801058494382718367
