gr= 0.10000000000000000555 ,gcr= 0.10000000000000000555 ,Jr= 0.2999999999999999889 ,Jcr= 0 ,Energy= -0.52735482228892405221
gr= 0.10000000000000000555 ,gcr= 0.10000000000000000555 ,Jr= 0.2999999999999999889 ,Jcr= 0 ,AParticleNo= 0.002999452073180141308
gr= 0.10000000000000000555 ,gcr= 0.10000000000000000555 ,Jr= 0.2999999999999999889 ,Jcr= 0 ,AParticleNo= 0.0029183484533390050865
