gr= 0.10000000000000000555 ,gcr= 0.10000000000000000555 ,Jr= 0.72999999999999998224 ,Jcr= 0 ,Energy= -142.25057576634199563
gr= 0.10000000000000000555 ,gcr= 0.10000000000000000555 ,Jr= 0.72999999999999998224 ,Jcr= 0 ,AParticleNo= 3.5242113896416968899
gr= 0.10000000000000000555 ,gcr= 0.10000000000000000555 ,Jr= 0.72999999999999998224 ,Jcr= 0 ,AParticleNo= 0.088801038167507867493
