gr= 0.10000000000000000555 ,gcr= 0.10000000000000000555 ,Jr= 0.54000000000000003553 ,Jcr= 0 ,Energy= -25.475985623160379845
gr= 0.10000000000000000555 ,gcr= 0.10000000000000000555 ,Jr= 0.54000000000000003553 ,Jcr= 0 ,AParticleNo= 2.6786727926776352504
gr= 0.10000000000000000555 ,gcr= 0.10000000000000000555 ,Jr= 0.54000000000000003553 ,Jcr= 0 ,AParticleNo= 0.077418667977731822627
