gr= 0.10000000000000000555 ,gcr= 0.10000000000000000555 ,Jr= 0.070000000000000006661 ,Jcr= 0 ,Energy= -0.5025525936389598769
gr= 0.10000000000000000555 ,gcr= 0.10000000000000000555 ,Jr= 0.070000000000000006661 ,Jcr= 0 ,AParticleNo= 0.0025523969839318346245
gr= 0.10000000000000000555 ,gcr= 0.10000000000000000555 ,Jr= 0.070000000000000006661 ,Jcr= 0 ,AParticleNo= 0.0025257866985812435501
