gr= 0.10000000000000000555 ,gcr= 0.10000000000000000555 ,Jr= 0.98999999999999999112 ,Jcr= 0 ,Energy= -320.87656018442316963
gr= 0.10000000000000000555 ,gcr= 0.10000000000000000555 ,Jr= 0.98999999999999999112 ,Jcr= 0 ,AParticleNo= 3.8623954575704124714
gr= 0.10000000000000000555 ,gcr= 0.10000000000000000555 ,Jr= 0.98999999999999999112 ,Jcr= 0 ,AParticleNo= 0.090532897361892336607
