gr= 0.10000000000000000555 ,gcr= 0.10000000000000000555 ,Jr= 1.0600000000000000533 ,Jcr= 0 ,Energy= -370.26634913120119563
gr= 0.10000000000000000555 ,gcr= 0.10000000000000000555 ,Jr= 1.0600000000000000533 ,Jcr= 0 ,AParticleNo= 3.9133414666923149738
gr= 0.10000000000000000555 ,gcr= 0.10000000000000000555 ,Jr= 1.0600000000000000533 ,Jcr= 0 ,AParticleNo= 0.090563561877613052431
