gr= 0.10000000000000000555 ,gcr= 0.10000000000000000555 ,Jr= 0.81999999999999995115 ,Jcr= 0 ,Energy= -202.87255302881266061
gr= 0.10000000000000000555 ,gcr= 0.10000000000000000555 ,Jr= 0.81999999999999995115 ,Jcr= 0 ,AParticleNo= 3.6809292684546441876
gr= 0.10000000000000000555 ,gcr= 0.10000000000000000555 ,Jr= 0.81999999999999995115 ,Jcr= 0 ,AParticleNo= 0.089882887478232670331
