gr= 0.10000000000000000555 ,gcr= 0.10000000000000000555 ,Jr= 0.20999999999999999223 ,Jcr= 0 ,Energy= -0.51340749455766887532
gr= 0.10000000000000000555 ,gcr= 0.10000000000000000555 ,Jr= 0.20999999999999999223 ,Jcr= 0 ,AParticleNo= 0.0027357222985231253835
gr= 0.10000000000000000555 ,gcr= 0.10000000000000000555 ,Jr= 0.20999999999999999223 ,Jcr= 0 ,AParticleNo= 0.0026929923535627792695
