gr= 0.10000000000000000555 ,gcr= 0.10000000000000000555 ,Jr= 0.88000000000000000444 ,Jcr= 0 ,Energy= -244.12075132101122676
gr= 0.10000000000000000555 ,gcr= 0.10000000000000000555 ,Jr= 0.88000000000000000444 ,Jcr= 0 ,AParticleNo= 3.7573456742911828243
gr= 0.10000000000000000555 ,gcr= 0.10000000000000000555 ,Jr= 0.88000000000000000444 ,Jcr= 0 ,AParticleNo= 0.090244872159926825539
